,time,J_y_EKF,J_z_EKF,omega_EKF,P_J_y,P_J_z,P_omega,J_y,J_z,omega
0,0.0,0.0,219987979807.5777,63460.17160251382,5.377777777777778e+17,6128437294348.446,43864.90844928605,691137530.8727807,219986270448.14288,62834.82940743077
1,5e-06,68239152007.37304,207810099968.89532,63459.963168292925,1.3248451707878926e+16,6127799387081.14,42861.623192436986,68252552735.41963,207805073771.78244,62844.06067870406
2,1e-05,128045641007.16483,175532661725.92514,62868.24087207349,51211387060482.39,6126553691327.304,114.05904641593285,128383957636.1526,175533952660.08743,62769.28737027511
3,1.5000000000000002e-05,175094957458.2067,126559150573.89294,62922.45182326101,13861564808511.824,5855038812055.092,55.18676130170027,175321232820.4708,126556686793.00934,62845.71029679277
4,2e-05,204487212982.474,65782160030.18833,62925.4938027929,5661906354860.795,5766892303662.444,42.817356144365945,204678463114.01364,65776340185.93317,62849.1738135687
5,2.5e-05,213571305147.5179,-700091725.3543117,62902.87290013318,3426167157002.835,5758852626273.002,37.57275746195444,213754983205.2823,-693407095.85599,62802.81667216968
6,3.0000000000000004e-05,201722011101.55554,-66306690441.08083,62857.94620365133,3351498116604.214,5724044656707.206,35.92938882932056,201922583299.10693,-66307765294.0285,62794.52362509888
7,3.5000000000000004e-05,170362956583.82794,-124696200827.59807,62853.203262999385,5239055503596.594,5630396252855.372,36.57938556393145,170601351695.75247,-124693089378.33772,62753.9458585568
8,4e-05,122757473752.0986,-170278688198.39536,62864.81503121796,11022192186182.787,5408223526680.73,40.23082470967875,123071374470.70486,-170282830362.63443,62783.61639689621
9,4.5e-05,63612351036.28664,-198809481087.75998,62990.39259011057,30075885194517.293,4816407646997.309,51.386364629806984,64082588277.87913,-198825950768.05408,62812.63880619019
10,5e-05,-1368478292.024855,-207613914394.50192,63257.39203256325,126918922816214.56,2799541878827.6284,97.12526366506697,-499160609.42690873,-207700240930.68933,62861.90736416814
11,5.500000000000001e-05,-63916170592.31634,-196111942332.55118,62510.71461728367,150755276104714.75,4526482300908.167,114.94058645762927,-64333972693.37778,-196233904610.2698,62886.08146521744
12,6.000000000000001e-05,-120847030320.57047,-165793853821.33997,62744.19004948883,32230366269489.207,5758047503094.012,76.38786452573919,-121138990264.34334,-165784708466.11203,62823.392639596874
13,6.500000000000001e-05,-165325877978.6577,-119566436983.19887,62910.915492030945,9687672930378.531,5719958011046.581,55.84584416914371,-165481951290.88254,-119553819034.47356,62824.19478646265
14,7.000000000000001e-05,-193082317797.95917,-62212488130.971085,62888.6502396848,3511849294798.281,5738302674315.095,43.50218505895626,-193211349242.2076,-62213690787.539505,62832.08855911346
15,7.500000000000001e-05,-201692720794.55035,543887110.7152663,62880.07258054123,1679255025646.1396,5730389873377.884,38.549546036141884,-201816837837.20538,546987742.6658214,62838.387100688364
16,8e-05,-190536878413.99084,62550679699.78696,62901.64438581311,1602374470621.7412,5692949320302.107,36.913131218417135,-190661460486.3056,62554634449.25563,62880.732519924335
17,8.500000000000002e-05,-160908719882.54294,117755862635.60306,62912.615034508905,3115124225236.1914,5592906890329.216,37.59977705959019,-161053616334.564,117756170838.99898,62837.08818870326
18,9e-05,-115902780455.05597,160845096216.72086,62925.15117170134,7722777339257.527,5357682033003.663,41.34338210798904,-116096151579.89136,160846513910.3261,62841.67691243974
19,9.500000000000002e-05,-60046373326.45825,187759689464.43076,62974.937321200654,22724661146718.992,4736431106975.273,52.386869226917575,-60370105813.67804,187765104482.53223,62801.773937187245
20,0.0001,1251311854.5847805,196039491614.80576,63164.19913154152,99870944788891.4,2551664137957.4966,95.27112395103359,583376182.27865,196100493705.2205,62847.48220245294
21,0.00010500000000000002,60527492508.11037,185122855246.03003,62536.01944003048,145580832205821.16,4013080671494.5234,116.07088971702237,60831185412.64351,185245397891.8808,62902.913629796494
22,0.00011000000000000002,114236726144.92639,156449396929.7203,62740.98870422623,28784519910371.156,5739000681516.261,76.9677473114156,114497182176.13335,156436068942.92078,62939.725092113986
23,0.000115,156274996771.59058,112692038830.23076,62991.80305439757,8413942311213.537,5685205531330.816,57.79943744162001,156386503218.46747,112674887448.23022,62946.31743164139
24,0.00012000000000000002,182437699036.24033,58416154621.85601,62976.22172019025,2847927909903.144,5712276942708.603,44.774348302648185,182523680688.57208,58420209324.77613,62880.517289616786
25,0.00012500000000000003,190454124929.76102,-909018986.1436008,62931.80339424869,1155775215143.884,5701404013474.965,39.69912462889319,190544721842.39032,-906282856.8408066,62917.94099500334
26,0.00013000000000000002,179784138546.78174,-59476635844.76023,62943.431433870806,1088802280324.9163,5659773708232.696,38.04480672371935,179876987394.78848,-59476231197.48206,62929.9722027454
27,0.00013500000000000003,151660892760.8674,-111580560235.66896,62962.943923780374,2499437769909.1655,5552252897002.949,38.82074112086156,151764837064.4063,-111581160048.75874,62946.27986476595
28,0.00014000000000000001,109016512320.33194,-152193133877.4471,62982.03605975684,6771412089739.183,5302160646630.404,42.804703879280964,109152025573.52715,-152194873264.34454,62946.09195505804
29,0.00014500000000000003,56154746756.43774,-177472403189.30777,63025.02007252099,20586934600281.76,4648254965123.004,54.32028284996464,56356742401.89581,-177483772814.18765,62931.23872939109
30,0.00015000000000000001,-1751678987.6763067,-185100328749.2009,63162.53161292258,90976942618425.77,2369827504841.9985,97.6357511202212,-1343466038.9834394,-185144353259.7818,62953.286541167705
31,0.00015500000000000003,-58052995283.16344,-174539752411.6775,62733.381827425495,138429603040131.81,3802666266302.644,117.4999944544062,-58270844610.59616,-174622499336.20575,62995.38983357633
32,0.00016,-108695323669.36348,-147139269445.4641,62881.638352575595,26592233764858.887,5720090728294.564,77.94887926778264,-108875613945.2075,-147130416990.3589,63002.93425282452
33,0.00016500000000000003,-148149139956.9214,-105577067864.11743,63030.235690679816,7647268369570.68,5654500928340.583,59.611335413045325,-148237675162.0773,-105565107519.83386,62966.69591302289
34,0.00017000000000000004,-172567537915.99707,-54173499021.200836,62998.58538480541,2489085522630.565,5684825812729.417,46.10880875846482,-172639827342.4535,-54179382816.00188,62943.93479001031
35,0.00017500000000000003,-179817218179.35657,1904256170.4836922,62956.07339127947,899638939459.688,5670788455014.366,40.90637711966813,-179894669090.6999,1900491366.3591666,62902.91011496995
36,0.00018,-169419010607.17337,57131492012.20705,62930.97593207977,856866180350.4863,5624098416686.432,39.258866460893806,-169504683824.33743,57131615689.496666,62915.017815076804
37,0.00018500000000000002,-142596131204.00815,106151064018.88562,62934.86689594794,2239979855066.6133,5507837514890.195,40.16350350997977,-142696385961.77673,106150415982.2402,62910.279915375606
38,0.00019000000000000004,-102131002347.53534,144262506581.8267,62966.27636790078,6389023251520.288,5240790313568.077,44.461752122207514,-102256162798.72401,144264903734.93607,62899.7850280031
39,0.00019500000000000002,-52115011724.75022,167842604566.52295,62994.11345479149,19747578576433.95,4549456094926.356,56.67213544178272,-52334240167.50489,167846382350.4604,62892.558453845304
40,0.0002,2561001640.424794,174748207547.5301,63120.48456582516,86964205563946.8,2187527194022.5176,101.45922012687832,2131941138.900914,174795461479.5869,62868.87526030259
41,0.00020500000000000005,55531352427.568924,164527436187.41226,62634.90622713278,130553547422105.14,3724766722838.557,118.8154704652886,55745479194.43008,164624391154.9198,62860.96950325898
42,0.00021000000000000004,103107029590.51254,138525171645.71637,62749.74128243032,25148175266279.17,5696397511864.744,79.36897165653835,103325189347.29306,138518664024.20508,62876.806266082865
43,0.00021500000000000002,140169312617.5312,99223843313.41217,62926.853639110515,7201946525690.374,5623017672222.419,61.58426425489939,140281386813.5204,99213838301.41248,62879.9892129325
44,0.00022000000000000003,163066518606.69696,50661338911.73929,62951.56063628151,2285495628547.4307,5655664169591.09,47.61722401610275,163152037286.9275,50658661012.50944,62941.01235390975
45,0.00022500000000000002,169763259015.361,-2311531207.1323376,62967.28278635643,753445227507.9948,5638861993805.413,42.224749239293985,169840992078.2746,-2313810520.2727413,62918.98652175813
46,0.00023,159785378810.38724,-54431350214.43816,62942.042524176955,722677838577.2601,5587299222809.656,40.55592785240456,159871994503.42633,-54429920361.77011,62881.10956695338
47,0.00023500000000000005,134320708315.73543,-100626192796.96942,62926.668038613716,2084304368372.9995,5462740641564.004,41.57303931502559,134429023147.87729,-100621035636.5211,62849.31155170679
48,0.00024000000000000003,96036205579.80943,-136464362903.6104,62921.16816640237,6139508791814.043,5180165993887.426,46.16799064746035,96184352511.6461,-136463014123.40111,62838.481254951614
49,0.00024500000000000005,48770493153.687874,-158592712902.73132,62973.14203797325,19092645529747.19,4458656359571.41,59.008492626786456,49015714134.36545,-158595251841.05658,62860.39327654955
50,0.00025000000000000006,-2865625836.237804,-164974787393.17984,63112.407189706566,83077374015787.8,2052347854031.7139,104.94466051433642,-2364527303.6853266,-165028807378.09555,62803.16584599133
51,0.000255,-52679397517.14089,-155219350484.98935,62529.330067780415,124693952138478.55,3634342128003.183,121.16789283520686,-52913726605.10147,-155334898072.73828,62786.63569950471
52,0.00026000000000000003,-97481698172.63806,-130648821326.6936,62644.00283898072,24309232821515.645,5672059900089.424,81.07530366260055,-97745122444.7395,-130640529043.04895,62838.88904491968
53,0.000265,-132441422764.34955,-93513516218.87012,62899.926610967545,6935831810884.558,5591224309443.52,63.797808400790856,-132572576359.93918,-93495107023.71402,62825.04568155535
54,0.00027000000000000006,-153986845435.08862,-47679613411.57494,62903.32915995122,2158550225165.0442,5625502307795.986,49.29087794655149,-154084984272.62103,-47685045270.986824,62784.89849860531
55,0.00027500000000000007,-160246564827.20734,2205724650.7292314,62813.32451032348,660544386585.8308,5605796495225.174,43.6431710426438,-160355568881.45398,2198939029.3657837,62762.51803795177
56,0.00028000000000000003,-150861876335.14957,51275403759.28218,62775.25909273164,631581107584.7235,5549432955790.347,41.93277576943307,-150983208680.4161,51272890552.15602,62695.19609542589
57,0.00028500000000000004,-126943115702.75061,94772818838.28966,62735.77267908011,1957072979097.2617,5418067903590.789,43.034691762228086,-127098796088.9932,94763589060.5859,62655.13374567994
58,0.00029000000000000006,-90977283945.63783,128581106776.67815,62742.76309180822,5874976404171.0205,5124504622044.3955,47.85562314650342,-91180654082.0404,128581058668.14818,62669.9103168151
59,0.000295,-46531408301.08571,149549320368.31833,62815.42496245965,18216832948261.16,4388427186102.136,61.09088096794909,-46838512529.581764,149563284328.38177,62661.947107938824
60,0.00030000000000000003,2127679204.6735508,155747235891.15933,63013.29728227221,77354314982925.44,2007889237791.7625,106.9525886055111,1519421144.2760289,155820293682.37598,62663.68975532014
61,0.00030500000000000004,48971133506.18634,146761282368.16687,62342.37451129598,123069719778186.25,3419957643636.038,125.91822228427887,49206462488.220604,146913232600.14087,62676.42393521846
62,0.00031000000000000005,91266030903.61172,123869615043.44016,62457.308597558855,24405803645513.145,5647477889403.898,83.18799053320578,91589673572.6847,123861723416.9398,62695.96321581562
63,0.00031500000000000007,124430503425.84659,89095864528.13469,62754.946630503815,6913577738923.231,5557907609665.381,66.56123795725595,124600331307.71747,89072790407.05026,62712.27851238144
64,0.00032,145042120422.71115,46031163715.56329,62809.17862306172,2129086841878.4543,5593458429630.313,51.30675813869546,145164705564.6972,46025444585.37789,62666.004358411454
65,0.00032500000000000004,151282004658.89682,-940430915.823315,62713.81197313192,610607257943.7042,5572300657846.413,45.23118366264559,151410858881.9545,-934245492.9589682,62637.80618212187
66,0.00033000000000000005,142794877808.1007,-47266830111.175575,62689.96320473497,553377464120.3276,5512188645240.254,43.39521455916272,142934980171.96054,-47262101410.395294,62625.79164710533
67,0.000335,120566452221.9453,-88486660437.47029,62694.411012151795,1812862117040.852,5376190718931.222,44.509169786896116,120726823378.9793,-88488277434.15965,62655.685959577546
68,0.0003400000000000001,86879766946.22519,-120682858014.09216,62737.708163051066,5540803282121.3125,5076005082247.511,49.458868897008884,87080919123.9242,-120689646274.16812,62675.0258461714
69,0.00034500000000000004,45072691429.00621,-140827418299.435,62827.26073580613,17107093428591.227,4337089399777.38,62.876733672037034,45384681580.12598,-140840904601.87067,62670.86873741011
70,0.00035000000000000005,-836796368.2125635,-147052508753.19272,63032.36384237913,70642549652092.28,2020378053048.891,107.91141314873022,-253868782.12933806,-147124566577.34534,62670.20302577917
71,0.00035500000000000006,-45149430700.46153,-138915494429.28925,62372.717273664544,123074379628718.16,3118239910025.034,132.19511506905354,-45328014893.101036,-139081586001.05804,62633.345633044715
72,0.00036,-85123001543.1705,-117674068096.99684,62385.32222718294,24883640741330.223,5623357195176.617,85.40357156523193,-85474573413.52315,-117677024771.83626,62603.91632215915
73,0.00036500000000000004,-116672446429.53535,-85176647405.29016,62659.170802949026,6980111198806.716,5524378636830.614,69.58895569433673,-116876899115.9732,-85157687109.72371,62575.25816920976
74,0.00037000000000000005,-136459328205.89346,-44811384025.856514,62662.9081469721,2138402960033.6614,5559932667723.815,53.54839492982597,-136620656554.27089,-44808748314.89947,62523.140612811134
75,0.00037500000000000006,-142791115450.37668,-640174515.7994466,62571.87106924773,582828379736.8293,5537943115651.885,46.945683414316704,-142955614067.18222,-648588179.7609463,62439.015046941786
76,0.0003800000000000001,-135284372336.54973,43033986542.67489,62497.71252113517,485987531842.9342,5474486640695.549,44.94204703136777,-135468618837.07411,43028198079.454994,62431.02268302681
77,0.0003850000000000001,-114840252431.39784,82068660063.16345,62500.02424857541,1664418279722.9634,5335363564221.307,46.02620898599873,-115052205267.40051,82068430512.46132,62439.64986236054
78,0.00039000000000000005,-83527755799.16266,112790810562.79178,62570.833582520136,5158932698542.424,5033257351985.567,51.019018763053786,-83785937213.85585,112800182068.86136,62494.5411387628
79,0.00039500000000000006,-44410096883.45372,132312540776.91957,62697.83477225667,15773122567598.273,4306724034852.892,64.35928406728293,-44789304107.45336,132333753450.25728,62490.40648128587
80,0.0004,-1207167480.392444,138805754047.491,62950.082895673775,62783051204186.7,2106970340247.9707,107.4874477851152,-1918385620.4441707,138893957468.74985,62553.6302125396
81,0.00040500000000000003,40548499700.508385,131764808705.25452,62205.962564100475,125603016407939.98,2657763241716.915,140.93161110787025,40699684836.531456,131978231356.91397,62606.94941930107
82,0.0004100000000000001,78482245498.35188,112382330697.26874,62210.53748078455,26415844264623.586,5591768211776.936,88.13647864340093,78911101952.83023,112382170974.06956,62642.65864512626
83,0.00041500000000000006,108846627188.21478,82163644990.83162,62667.646807467805,7290337759337.927,5491251943248.343,73.19464762893242,109069640044.54965,82127942472.5087,62640.95835718582
84,0.00042000000000000007,128172642593.4985,44289135081.43632,62759.560060344185,2219872604313.1284,5525341156767.292,56.21823835679462,128325927206.04915,44278428733.95527,62641.567754123
85,0.0004250000000000001,134803874276.88719,2566887483.6100664,62735.16285155676,578369173641.5253,5504144544307.549,48.84049366073827,134947862991.44179,2569496666.5949063,62676.01216735148
86,0.00043000000000000004,128277144445.44151,-38943876045.217316,62755.696685271774,427095815398.9279,5437184965874.794,46.57411382338263,128422339541.09055,-38949205676.21949,62742.228776223434
87,0.0004350000000000001,109340972522.35446,-76245669260.4277,62828.97667921576,1530979356931.975,5294230994742.202,47.59190305234631,109495098771.31003,-76251774723.88574,62767.81952741975
88,0.00044000000000000007,79948048033.53212,-105714536793.64403,62869.94513043098,4853186907280.911,4986307268640.682,52.66396630194012,80146129863.05884,-105719647987.13675,62733.765888974805
89,0.0004450000000000001,43050652416.461266,-124561536315.11021,62934.06706489638,14827894865554.158,4257575085879.2324,66.16229688895407,43358561353.60553,-124574875106.22745,62750.99257662039
90,0.00045000000000000004,2193493148.436035,-131051870258.96622,63138.40006568408,57629963901471.32,2114922003259.8826,108.67444767490541,2767171977.7756352,-131119439116.78246,62769.631364432484
91,0.00045500000000000006,-37577149250.95106,-124659528444.01204,62533.40672719473,123365922629723.31,2367269776346.0674,147.22472185870117,-37618071381.34826,-124852995777.48906,62762.160631610896
92,0.00046,-73537353933.29115,-106508885977.11826,62431.45350091103,26755979784152.72,5562527946937.318,90.36471104145383,-73905642527.12193,-106522392096.6891,62781.34346256631
93,0.0004650000000000001,-102381616054.6906,-78074484465.81642,62788.851063322996,7289464661105.302,5460788305434.832,76.10564497835743,-102593429035.94902,-78048550502.09798,62756.0681333359
94,0.0004700000000000001,-120828423964.13274,-42333229697.318634,62879.07404043828,2208314778354.4204,5489514377497.033,58.64996117589253,-120975676216.18907,-42331586123.63898,62717.71600704114
95,0.00047500000000000005,-127249754272.93298,-2943581193.143831,62787.701558772154,555064479133.795,5468086548683.297,50.68411448195215,-127399545320.31674,-2951193200.598254,62673.20551948829
96,0.00048000000000000007,-121244874354.7628,36248559027.06948,62734.04903892167,390222757652.1713,5395587296408.054,48.26560238166715,-121409339470.75357,36242163420.082886,62610.02060650113
97,0.000485,-103555905632.44437,71459994189.4696,62705.75458412412,1459741965059.432,5246306093273.858,49.30946988777453,-103750896102.66971,71456294051.42342,62630.409657084965
98,0.0004900000000000001,-76016058412.61642,99357579493.43593,62734.3496451857,4665443574790.663,4930602836193.238,54.5431216981637,-76264605806.11382,99360883091.63487,62580.2756239518
99,0.000495,-41353754477.89974,117321554922.82404,62820.33237343998,14152672000580.014,4196942302082.8833,68.30742886380193,-41731219052.089745,117337511576.12605,62583.55917983265
100,0.0005000000000000001,-2862121053.6132054,123689336789.08852,63062.61153358201,53619961090236.36,2102330800013.8513,110.531657460788,-3561175363.4366546,123772734424.63377,62593.967105377116
101,0.0005050000000000001,34521017957.28237,117931001263.20036,62346.965558727774,120573380954485.38,2112498846348.5234,153.30031680760757,34501854161.68125,118181135633.86108,62558.9141394583
102,0.00051,68304258610.51961,101228843187.37187,62096.61482292162,27443978964925.074,5523082066443.274,93.0757015232063,68791552356.97742,101250614722.82845,62553.11662311206
103,0.000515,95751715926.77902,74787760325.34662,62534.98699754852,7468819520311.26,5426561156775.012,79.38822862482476,96048134645.35117,74749301926.41057,62551.16683360061
104,0.0005200000000000001,113531064061.28699,41348783966.585045,62710.728930547724,2271800945388.8945,5450774493312.259,61.46623845488536,113731491296.31407,41334539156.10606,62515.46509298508
105,0.0005250000000000001,120051012118.82512,4319497830.338254,62669.577364183475,558352994498.3467,5431252047749.641,52.75919946789928,120238847580.1276,4323675395.2054205,62516.67154840807
106,0.00053,114876489354.34879,-32689681046.200005,62643.6841208949,346938731050.70624,5355371621949.77,50.071591085920616,115074634009.86739,-32687430974.73178,62588.996374348666
107,0.0005350000000000001,98633767628.76797,-66143131630.44507,62690.08468013475,1342325821515.446,5203179360269.542,51.032094740428334,98849614981.69566,-66149956228.256325,62595.78284053355
108,0.0005400000000000001,72992226504.5177,-92821164285.19437,62733.60735325612,4361210942316.4917,4885619296245.725,56.28214670491118,73266829406.32184,-92829649400.62727,62533.02160148852
109,0.000545,40493200695.31021,-110216658822.47787,62833.81891909919,13150217392297.254,4161838424631.4976,70.00532909728645,40902492950.30524,-110238527451.99419,62607.804040866795
110,0.0005500000000000001,4209805186.908312,-116712226395.5802,63102.85930825771,48367988458304.09,2157846965492.7236,110.91258611632857,4934476902.002494,-116804234466.21779,62604.24492657819
111,0.000555,-31211327316.409927,-111722359299.59698,62432.47230521331,118620653365060.97,1725884351700.385,160.9592412479628,-31101170769.697433,-112000317839.00537,62630.963200421924
112,0.0005600000000000001,-63193213813.06715,-96387877163.9605,62073.644377119104,28765154080129.414,5474871474479.634,96.07450083187267,-63727279877.08259,-96414608628.99431,62634.34544378985
113,0.0005650000000000001,-89477513541.23013,-71736477676.25618,62568.8953572659,7722520954852.972,5397011436007.747,82.82411347144144,-89805442524.38065,-71688656335.83195,62625.52800426986
114,0.0005700000000000001,-106687185355.71431,-40336212143.85815,62791.901584955696,2344521013404.8516,5411311477359.755,64.5653979737925,-106901354098.55913,-40317689577.104904,62607.4296337869
115,0.0005750000000000001,-113266112887.81754,-5428976422.861495,62728.16026029875,565080289129.1921,5394409905046.976,54.96719095517432,-113466999325.47646,-5431437924.367618,62563.22057064289
116,0.0005800000000000001,-108792375271.80809,29566947304.3188,62662.45855406243,310927988461.39905,5314295915765.934,51.96256124050622,-109008614004.58162,29561722598.54652,62516.01984305658
117,0.0005850000000000001,-93839078774.73074,61313098926.743126,62675.413192029504,1243230595220.3774,5158110376783.959,52.8398587555699,-94082355926.34996,61314861769.75105,62552.54863507174
118,0.00059,-69936945190.09721,86786927449.27014,62738.331371186294,4099481037338.171,4837938462845.3125,58.11918497919674,-70235852788.9331,86797494884.00299,62588.7768666679
119,0.0005950000000000002,-39439864781.40635,103581942353.41412,62863.819024852455,12296175010146.24,4121046957284.186,71.85949564962914,-39886825391.06635,103602319983.71147,62506.96177536138
120,0.0006000000000000001,-5232039355.474032,110118883817.94398,63149.07645485789,44049554929240.414,2191681510714.9185,111.79755987451392,-6064960914.782032,110212301530.3615,62518.00311643808
121,0.0006050000000000001,28240860438.010277,105790613480.89902,62455.98315607197,115083826225264.05,1403222031301.2522,167.67763621109472,27969316044.434307,106122718683.63893,62562.08778752354
122,0.0006100000000000001,58290913354.33411,91796774308.84676,61845.84268439543,30018620709265.125,5417193686605.279,99.33869025108439,58920377943.4643,91842532334.3428,62556.305931938194
123,0.0006150000000000001,83436526277.46552,68918805511.9784,62436.965913295375,8024816424489.218,5365827864281.659,86.321405363152,83838985303.36382,68859296096.42699,62597.85469485882
124,0.0006200000000000001,100147141905.87227,39489257733.379456,62819.50175799182,2446204335949.075,5369673402987.763,67.90385357211402,100392374695.20332,39464046095.1497,62620.03194461795
125,0.000625,106830169324.70807,6586659818.274275,62806.40025848721,582956219577.4205,5356797614993.313,57.351098593514266,107049943910.0192,6585421068.801756,62636.36779845597
126,0.0006300000000000001,103046098404.12094,-26585655334.930977,62812.64992418802,277794342130.4012,5273062554960.181,53.962371061521495,103270814166.70947,-26583654072.58395,62677.23366360626
127,0.000635,89271638201.50996,-56807464876.5425,62839.921867468904,1147500721505.7178,5112760466587.017,54.723804089801156,89522054711.80641,-56810150154.11191,62739.04008444331
128,0.00064,66930015121.35924,-81182487621.84656,62908.818426866856,3859185600567.978,4788910287613.447,60.02948764170042,67238497601.51243,-81191712404.93823,62754.394679331475
129,0.0006450000000000002,38225032405.73706,-97397442608.16312,63053.016453841556,11554056655565.82,4074998118776.259,73.84490781438183,38661911135.1254,-97423499634.00258,62782.90409959367
130,0.0006500000000000001,5887639409.452548,-103905172998.12172,63348.27428648072,40520181649184.94,2200960906039.4136,113.20315428758452,6659526630.135338,-104000762299.90324,62796.62205365861
131,0.0006550000000000001,-25968236642.566902,-100069025274.774,62774.43554633513,110121647490419.0,1162918991596.6553,173.2173082443659,-25641648956.119034,-100393766743.96648,62793.97667912272
132,0.0006600000000000001,-54453321340.28314,-87017233317.2253,62073.010927654876,30615592759308.508,5360251044897.786,102.39156999937299,-55066968546.161255,-87070902238.01581,62773.15534875107
133,0.0006650000000000001,-78386692644.55309,-65505187655.78021,62614.027692861695,8090928969774.112,5339368163489.283,89.287743097528,-78794170031.41133,-65451385154.61801,62727.72280606229
134,0.00067,-94343562082.85933,-37746665347.33405,62962.84225084928,2453557716348.5137,5328269458272.358,71.02532302741747,-94604566747.75865,-37715921606.56597,62750.11048654075
135,0.0006750000000000001,-100815525830.31836,-6633747583.51578,62973.94975497424,575564911356.023,5316964399585.505,59.699859949636554,-101044508659.89127,-6633868466.947868,62768.627820085065
136,0.0006800000000000002,-97353267148.3321,24759468385.6137,62954.560969924925,256289853776.34067,5228034601798.443,56.01169958301869,-97591128193.72926,24755161463.20752,62780.92913244791
137,0.0006850000000000001,-84416722527.72708,53378794203.516815,62959.63615346308,1103520311344.7183,5059951829647.894,56.76589816277693,-84686542660.88942,53377873216.72161,62778.543383022916
138,0.0006900000000000001,-63358768999.94369,76472697807.78352,63002.01892944682,3751761910162.8696,4726020171538.4795,62.2542226133099,-63698072365.73253,76478947095.88602,62787.005204346766
139,0.0006950000000000001,-36273243624.47453,91851298812.34329,63118.18498042878,11203174602856.143,3999714509894.689,76.48580819457536,-36774102833.51021,91874466023.61491,62730.47374914311
140,0.0007000000000000001,-5707453634.749011,98066402294.40532,63442.65776923423,38664984999239.75,2136973039313.5977,116.37716338554768,-6611070824.3387,98171378951.88568,62655.24454467763
141,0.0007050000000000001,24292090842.643215,94493498749.66422,62767.559323633686,104535260838338.9,1077708906053.0942,177.33478757352455,23817591026.55975,94886297457.06653,62592.484797387886
142,0.0007100000000000001,50827445531.721954,82399143247.1529,61746.32376310462,30471379536383.39,5308535493411.982,105.4477383878101,51570632896.12227,82473029156.48103,62575.898429487286
143,0.0007150000000000001,73509275709.28508,62306159572.10416,62379.266552475514,8147292818894.594,5303725410149.043,92.37783763577947,74015912370.58124,62248180186.74812,62520.62467164395
144,0.00072,88724160545.5666,36295552614.13591,62778.23557162111,2489179630449.5303,5284528127151.037,74.24567523300294,89059740735.30383,36258268951.923904,62540.06237474371
145,0.0007250000000000002,95055689059.43376,7056793477.03302,62827.23914140808,582145694513.8341,5275137828354.777,62.223722683441515,95345868305.88016,7055399796.268075,62571.854614739714
146,0.0007300000000000001,92055711479.75497,-22502114021.17256,62779.748817085514,233142665142.20148,5182881578371.719,58.191789708339755,92358577312.2868,-22495184226.654495,62538.71037807586
147,0.0007350000000000001,80148064219.37526,-49540069520.1477,62778.00072607273,1031116068767.4685,5010306675065.934,58.858943763703266,80489283049.61475,-49541299909.325134,62589.114929762836
148,0.0007400000000000001,60559291620.17447,-71487598941.16997,62850.14897999273,3546670541352.0884,4674125027422.863,64.37092541623979,60981498698.59033,-71498647676.96669,62557.7875028603
149,0.0007450000000000001,35201569064.227554,-86267269003.39972,63020.771089330505,10521822155090.592,3955920979753.0127,78.61402010197104,35816255629.681335,-86296467789.65796,62548.7630825853
150,0.0007500000000000001,6425027653.049492,-92467087691.96031,63414.137715300385,35427488675224.92,2161375258850.6912,117.67262668259626,7484529822.520672,-92596360772.02774,62544.229044981286
151,0.0007550000000000001,-21896583821.02893,-89420363824.95769,62745.76180755489,99570178012792.45,835920886764.409,182.89900804749055,-21236549927.911766,-89891534467.13701,62516.47343479684
152,0.0007600000000000002,-46700037410.193985,-78450078114.91476,61409.42093234774,31786702172118.7,5223237509739.842,109.58898220463873,-47577213501.66784,-78552038174.8356,62501.355626908895
153,0.0007650000000000001,-68406045709.5762,-59854916493.50355,62178.751149756594,8511931200084.215,5273478665253.641,95.93209575907446,-69021002043.60896,-59780639418.97543,62446.84219940712
154,0.0007700000000000002,-83171320451.25032,-35534040609.49547,62734.19625545838,2614076810723.485,5239158542069.095,78.14049840350076,-83566410419.74413,-35482265207.56721,62453.67037992426
155,0.0007750000000000001,-89572526654.98338,-8049790034.657174,62804.21500182339,615201162820.3141,5234231538494.672,65.11263018911592,-89908177836.94322,-8041656791.7618265,62522.31973595778
156,0.0007800000000000001,-87176317143.88142,19897912187.81781,62806.08857253279,209119902400.7068,5140145845934.632,60.52488048174914,-87517213566.61621,19893862687.18821,62552.94911770404
157,0.0007850000000000001,-76329940409.4958,45582024640.266106,62790.37819388771,938553143482.8381,4964361517848.246,60.9914351492525,-76717987887.69601,45577740900.94148,62513.334965018556
158,0.0007900000000000001,-58167884795.3366,66566526296.45739,62843.39148491956,3298524608859.277,4628376006794.389,66.43005424532684,-58645997199.310295,66578084538.53944,62558.440297967194
159,0.0007950000000000001,-34446901063.96416,80885429302.79097,63039.28406758863,9749829984590.82,3924332905800.033,80.52459906618509,-35117614689.09533,80924746020.5277,62516.32898844863
160,0.0008,-7341376256.144055,87157498096.08331,63481.90978251742,32032681042987.17,2210172545647.16,118.3696849873502,-8471107861.037685,87300534793.00728,62515.646585360635
161,0.0008050000000000002,19540287929.496677,84663238116.71971,62921.9853231963,93857430001367.97,595345588882.725,187.86329750871568,18670384252.41978,85185962966.9264,62483.1056924707
162,0.0008100000000000001,42739413968.126526,74748389597.94647,61203.697681750804,33410285842558.812,5114912497625.604,114.31440019582928,43706061657.26295,74887189475.01337,62503.948635821784
163,0.0008150000000000001,63519889719.71993,57583653844.899445,62024.89876148819,8944909759367.443,5246186303469.433,99.48601626613578,64230270766.89688,57505374376.946526,62430.952741237736
164,0.0008200000000000002,77873503166.38875,34875913049.29678,62694.959397018065,2761086508032.9272,5192792831140.596,82.29957513352839,78330292637.37404,34811293515.0401,62383.01439425381
165,0.0008250000000000001,84365453965.79463,9048220527.222572,62804.675712540695,659417136065.8961,5192276669801.743,68.24703600990063,84745866906.57335,9036067889.744028,62406.84956868348
166,0.0008300000000000001,82559451715.72667,-17334569684.56787,62770.3729587158,188981084625.96658,5097724793112.725,62.995906058932604,82947222686.13431,-17328095042.178608,62423.79847747222
167,0.0008350000000000001,72757730658.1765,-41729430402.32345,62758.78564177364,843858690323.8453,4919379873457.229,63.206413429620774,73192286098.51996,-41728980212.29175,62452.056191966934
168,0.0008400000000000001,55973961452.953995,-61829401091.39706,62840.08013611801,3040666865497.339,4585552151107.802,68.5120976990865,56502269988.7609,-61844895317.208466,62481.67377377168
169,0.000845,33820526703.24415,-75739788262.73712,63064.383711917355,8971170493316.283,3898705057653.04,82.37413565854308,34549058542.60393,-75785520147.27133,62531.29454146646
170,0.0008500000000000002,8309237292.916189,-82111198233.76,63553.16117870228,28778925164690.23,2269057045493.725,118.84762886669384,9505426996.85713,-82264405928.58485,62548.277092933866
171,0.0008550000000000002,-17243636426.853527,-80173232830.52678,63145.96620135674,87397135114541.75,393871879017.5096,191.7577291315507,-16169380713.147654,-80734119638.18025,62552.763957629526
172,0.0008600000000000001,-38972595264.15945,-71246139226.80556,61057.27746496323,35341936153840.11,4976037643420.987,119.84522579392018,-40000578012.33424,-71427735003.85246,62573.081892759445
173,0.0008650000000000002,-58901271674.84577,-55416909074.024315,61933.349556290355,9457769854724.36,5221480648399.328,103.02962989646355,-59699170837.89579,-55329760082.41978,62585.82087509743
174,0.0008700000000000002,-72911011150.40454,-34155926191.681458,62813.39250561072,2923740874621.2104,5146804010497.903,86.66064018393081,-73413865610.67912,-34059788537.177437,62646.29603269581
175,0.000875,-79490287260.73299,-9740537555.75194,63112.48064258998,707025719470.3066,5149824390913.539,71.60970301131864,-79877573953.98753,-9714230453.070004,62690.33508600154
176,0.0008800000000000001,-78137994086.2237,15311087946.828735,63092.19566470964,174206094376.74945,5055232843585.699,65.59521869471352,-78526706137.31055,15308066024.189617,62712.3443565998
177,0.0008850000000000002,-69136603012.24915,38566453745.15389,63073.27777781702,775223722154.63,4871265790567.547,65.55269939845073,-69573402749.28528,38564105442.91469,62736.02096506978
178,0.0008900000000000002,-53431699017.82233,57808578972.259056,63151.44179997668,2869552866347.609,4532862547418.897,70.83250601359045,-53966424824.0575,57818363686.42282,62725.09073940882
179,0.0008950000000000002,-32552041751.28928,71201507375.30156,63362.934190267326,8490166647333.441,3846130524501.4004,84.7987177318866,-33300935524.05354,71238318697.46103,62723.419838490605
180,0.0009000000000000001,-8413821979.823798,77439898248.36865,63839.28631971753,26864316197503.973,2248987837719.1284,121.13149994515072,-9649979333.88578,77588980278.63266,62686.284241221176
181,0.0009050000000000001,15873533046.089062,75764184255.44765,63497.821452012395,81579491719520.78,321699487457.10333,195.04846236949993,14669055496.05377,76342074009.77573,62738.596744381546
182,0.0009100000000000001,36279168294.92467,67482345344.6312,61151.03743443101,35496988534043.766,4875553584245.026,124.36333823375332,37289855495.72703,67702862709.29591,62703.26391986027
183,0.0009150000000000002,55187842423.41073,52676492016.96011,61963.53234502719,9550790207399.908,5192855364655.53,106.04585781213302,56030132473.74478,52598233980.77266,62737.14167009889
184,0.00092,68593165918.94346,32648381570.254017,62919.853398732834,2955792588995.4785,5101540583521.021,90.4137862041296,69131413442.80794,32546834884.871967,62766.866247717706
185,0.000925,74958255771.32924,9577449287.795328,63274.90531274337,716615507983.9994,5104081119011.214,74.79235052003618,75370574976.75703,9540025026.806784,62870.232611039784
186,0.0009300000000000002,73792439716.42592,-14144514773.42206,63288.10280981624,163876182871.27182,5007568383889.147,68.23121504702902,74200260134.33066,-14146382822.17994,62890.02179584005
187,0.0009350000000000002,65350850500.971115,-36195284946.29257,63285.04203381524,743852627658.9716,4815692125644.853,68.06577036896603,65806807025.83462,-36194436435.07647,62873.736629307336
188,0.0009400000000000002,50529463040.25798,-54450112089.12709,63358.05533209959,2792868648834.8677,4467207840712.473,73.4846270447558,51092409798.595375,-54457952165.8741,62909.1425374681
189,0.0009450000000000001,30777696632.003067,-67162711320.28951,63575.17758909418,8262040291484.954,3768578586316.793,87.86392173599343,31555324759.452465,-67206037307.640686,62894.67714404081
190,0.0009500000000000001,7897856504.879943,-73087222786.93582,64091.457930410055,25874902490133.92,2171538745192.9348,124.95641338193634,9167939004.773888,-73248451910.6898,62914.565030801816
191,0.0009550000000000001,-15091162354.238997,-71474741911.93867,63730.2792092019,76921638983600.06,311111925190.37634,198.7941596644726,-13860338356.978138,-72076420653.65866,62902.977442973504
192,0.0009600000000000001,-34260044169.97471,-63645290964.61405,61253.477336350785,34496828387408.56,4813630671982.588,128.01364327142815,-35284449354.00428,-63879166500.43992,62928.74464922524
193,0.0009650000000000003,-52150901335.66038,-49613573057.243256,62094.29026949475,9365934362346.975,5159916932894.904,108.82198141692919,-53020177883.774956,-49533218169.001045,62915.609477665144
194,0.00097,-64800220571.58915,-30636053852.63573,63057.843702575025,2888733640410.3945,5057438745660.213,93.73504111189526,-65362390338.53777,-30532829547.392155,62883.406591426814
195,0.0009750000000000002,-70755711070.6616,-8802233846.86431,63407.07755924463,692538017242.9618,5055913497990.996,77.8367727306214,-71191476388.19232,-8765259223.69115,62937.31042060271
196,0.0009800000000000002,-69572524747.74232,13624701414.209759,63424.13889408444,155595856807.3692,4955279795344.352,70.90844740738929,-70004580025.97687,13624362163.499504,62956.74249051719
197,0.0009850000000000002,-61500437976.78877,34441539956.94089,63423.63553040157,743397261449.2914,4753062887112.98,70.73756446324641,-61983656871.736015,34440860435.41929,62975.58466204349
198,0.00099,-47403216551.34488,51627415689.75115,63481.445638362515,2793243001710.2275,4389585194571.993,76.44936494622432,-48002780704.74112,51637198617.121994,62937.3802369001
199,0.000995,-28658595796.126453,63544814699.32694,63706.2423486852,8233763337362.519,3668764112841.0796,91.52940639080062,-29496873566.44226,63590767584.81936,62884.583732257735
